[4, 8, 65]
[6, 6, 2]
[5, 8, 3]
[6, 9, 3]
[8, 7, 4]
[4, 9, 4]
[8, 5, 5]
[6, 8, 5]
[6, 6, 6]
[6, 7, 6]
[5, 8, 6]
[9, 6, 7]
[3, 8, 7]
[7, 8, 7]
[7, 6, 8]
[4, 6, 8]
[5, 8, 8]
[7, 8, 8]
[8, 8, 8]
[9, 8, 8]
[8, 6, 9]
[9, 4, 9]
[4, 7, 9]
[6, 7, 10]
[9, 4, 10]
[3, 9, 10]
[4, 8, 10]
[4, 5, 10]
[6, 6, 11]
[9, 2, 12]
[5, 9, 11]
[2, 9, 11]
[2, 8, 11]
[4, 6, 11]
[6, 7, 12]
[9, 2, 13]
[5, 8, 12]
[2, 6, 12]
[4, 7, 13]
[6, 3, 14]
[9, 4, 14]
[3, 6, 13]
[2, 6, 13]
[5, 7, 14]
[4, 6, 14]
[8, 1, 15]
[4, 3, 15]
[9, 3, 15]
[7, 6, 15]
[3, 6, 14]
[2, 5, 16]
[7, 7, 15]
[5, 7, 15]
[4, 9, 15]
[3, 8, 15]
[8, 2, 16]
[9, 6, 16]
[0, 9, 15]
[2, 7, 17]
[0, 5, 17]
[2, 8, 17]
[7, 7, 16]
[9, 6, 16]
[8, 3, 17]
[9, 5, 17]
[1, 9, 16]
[0, 9, 16]
[2, 6, 18]
[3, 7, 18]
[2, 3, 18]
[0, 5, 18]
[6, 8, 17]
[9, 5, 17]
[8, 1, 21]
[9, 6, 18]
[1, 7, 19]
[2, 6, 19]
[1, 5, 19]
[5, 8, 18]
[9, 6, 18]
[1, 9, 20]
[1, 6, 20]
[2, 5, 20]
[3, 4, 20]
[4, 8, 19]
[7, 6, 19]
[0, 9, 21]
[1, 5, 21]
[6, 6, 20]
[6, 7, 20]
[2, 9, 22]
[0, 8, 22]
[7, 5, 21]
[8, 6, 21]
[8, 7, 21]
[4, 9, 23]
[1, 9, 23]
[0, 8, 23]
[7, 5, 22]
[5, 7, 24]
[5, 7, 25]
[2, 7, 26]
[4, 8, 26]
[5, 7, 27]
[3, 5, 27]
[1, 8, 27]
[6, 7, 27]
[5, 8, 28]
[5, 9, 28]
[3, 6, 28]
[2, 5, 28]
[4, 6, 28]
[2, 7, 28]
[6, 9, 28]
[3, 7, 29]
[1, 5, 29]
[4, 7, 29]
[4, 6, 29]
[9, 9, 29]
[4, 5, 30]
[5, 6, 30]
[7, 6, 30]
[6, 5, 30]
[2, 6, 31]
[2, 8, 31]
[5, 7, 31]
[7, 8, 31]
[7, 6, 31]
[4, 4, 32]
[2, 5, 32]
[5, 5, 32]
[0, 8, 32]
[4, 8, 32]
[6, 4, 32]
[5, 8, 34]
[3, 4, 33]
[2, 5, 33]
[3, 8, 33]
[4, 9, 33]
[7, 8, 35]
[3, 4, 34]
[0, 7, 34]
[4, 5, 34]
[6, 9, 34]
[5, 8, 38]
[1, 6, 35]
[2, 5, 35]
[0, 6, 35]
[3, 8, 35]
[4, 7, 35]
[4, 6, 35]
[4, 8, 39]
[1, 8, 36]
[1, 5, 36]
[0, 6, 36]
[3, 6, 36]
[3, 8, 40]
[7, 8, 40]
[6, 7, 40]
[0, 9, 37]
[1, 5, 37]
[2, 4, 37]
[5, 8, 41]
[7, 7, 41]
[3, 9, 38]
[0, 8, 38]
[1, 7, 38]
[2, 5, 38]
[2, 4, 38]
[5, 9, 42]
[7, 8, 42]
[1, 5, 39]
[2, 7, 39]
[4, 1, 39]
[2, 9, 43]
[6, 8, 43]
[3, 4, 40]
[1, 3, 40]
[3, 7, 40]
[2, 6, 40]
[4, 4, 40]
[2, 5, 41]
[2, 6, 41]
[2, 4, 41]
[1, 4, 41]
[1, 7, 41]
[1, 8, 41]
[3, 5, 42]
[2, 3, 42]
[2, 6, 42]
[5, 3, 42]
[2, 8, 42]
[3, 5, 43]
[1, 3, 43]
[4, 3, 43]
[5, 5, 43]
[3, 8, 43]
[0, 8, 43]
[3, 5, 44]
[2, 3, 44]
[6, 1, 44]
[3, 7, 44]
[5, 5, 44]
[4, 6, 44]
[1, 8, 44]
[1, 4, 45]
[1, 3, 45]
[6, 1, 45]
[3, 7, 45]
[1, 8, 46]
[3, 4, 46]
[1, 2, 46]
[2, 0, 46]
[6, 2, 46]
[0, 7, 46]
[6, 7, 46]
[5, 7, 46]
[0, 4, 47]
[1, 2, 47]
[2, 0, 47]
[5, 3, 47]
[0, 5, 47]
[2, 5, 47]
[5, 7, 47]
[1, 4, 48]
[0, 4, 48]
[1, 1, 48]
[0, 0, 48]
[4, 0, 48]
[7, 2, 48]
[6, 1, 48]
[1, 3, 48]
[0, 7, 48]
[2, 7, 48]
[4, 8, 48]
[5, 9, 48]
[1, 6, 49]
[1, 1, 49]
[0, 6, 49]
[0, 4, 49]
[2, 0, 49]
[0, 0, 49]
[6, 4, 49]
[7, 5, 49]
[7, 2, 49]
[6, 1, 49]
[3, 3, 49]
[2, 3, 49]
[2, 7, 49]
[3, 9, 52]
[1, 6, 50]
[1, 3, 50]
[1, 1, 50]
[0, 7, 50]
[2, 1, 50]
[1, 0, 50]
[8, 3, 50]
[9, 2, 50]
[7, 4, 50]
[7, 7, 50]
[6, 1, 50]
[3, 2, 50]
[4, 6, 53]
[1, 9, 53]
[0, 3, 54]
[0, 6, 51]
[0, 9, 51]
[2, 0, 51]
[8, 3, 51]
[5, 3, 51]
[4, 9, 54]
[3, 6, 54]
[3, 8, 54]
[2, 9, 54]
[0, 5, 52]
[8, 4, 52]
[6, 1, 52]
[3, 3, 52]
[5, 9, 55]
[4, 3, 55]
[3, 3, 55]
[4, 8, 55]
[0, 8, 53]
[8, 5, 53]
[5, 3, 53]
[5, 2, 53]
[3, 5, 56]
[4, 2, 56]
[1, 7, 56]
[0, 4, 56]
[4, 8, 56]
[8, 7, 54]
[5, 2, 54]
[8, 0, 54]
[5, 4, 57]
[4, 1, 57]
[3, 3, 57]
[2, 6, 57]
[3, 6, 57]
[1, 7, 57]
[1, 4, 57]
[4, 8, 57]
[9, 5, 55]
[6, 7, 55]
[4, 4, 58]
[2, 2, 58]
[4, 1, 58]
[4, 3, 58]
[1, 8, 58]
[4, 6, 58]
[9, 2, 56]
[7, 7, 56]
[4, 4, 59]
[1, 2, 59]
[6, 1, 59]
[2, 1, 59]
[5, 3, 59]
[1, 7, 59]
[2, 7, 59]
[6, 5, 57]
[9, 4, 57]
[4, 9, 57]
[1, 0, 60]
[2, 2, 60]
[8, 0, 60]
[3, 5, 58]
[9, 5, 58]
[8, 2, 58]
[9, 3, 61]
[4, 9, 58]
[0, 1, 61]
[5, 1, 61]
[5, 5, 59]
[2, 5, 59]
[6, 6, 59]
[7, 4, 62]
[1, 1, 62]
[0, 1, 62]
[4, 1, 62]
[4, 5, 60]
[7, 5, 60]
[9, 5, 60]
[9, 3, 63]
[5, 4, 63]
[2, 1, 63]
[6, 0, 63]
[2, 5, 61]
[5, 5, 61]
[7, 6, 61]
[8, 5, 61]
[9, 1, 64]
[9, 5, 64]
[7, 4, 64]
[5, 2, 64]
[4, 1, 64]
[5, 1, 64]
[6, 2, 64]
[0, 5, 62]
[8, 6, 62]
[9, 6, 62]
[7, 6, 62]
[9, 3, 68]
[5, 3, 65]
[4, 4, 65]
[8, 8, 63]
[7, 9, 63]
[5, 8, 63]
[4, 3, 66]
[4, 4, 66]
[8, 7, 64]
[6, 6, 64]
[4, 2, 67]
[6, 4, 67]
[8, 8, 65]
[4, 8, 65]
[6, 6, 2]
[5, 8, 3]
[6, 9, 3]
[8, 7, 4]
[4, 9, 4]
[8, 5, 5]
[6, 8, 5]
[6, 6, 6]
[6, 7, 6]
[5, 8, 6]
[9, 6, 7]
[3, 8, 7]
[7, 8, 7]
[7, 6, 8]
[4, 6, 8]
[5, 8, 8]
[7, 8, 8]
[8, 8, 8]
[9, 8, 8]
[8, 6, 9]
[9, 4, 9]
[4, 7, 9]
[6, 7, 10]
[9, 4, 10]
[3, 9, 10]
[4, 8, 10]
[4, 5, 10]
[6, 6, 11]
[9, 2, 12]
[5, 9, 11]
[2, 9, 11]
[2, 8, 11]
[4, 6, 11]
[6, 7, 12]
[9, 2, 13]
[5, 8, 12]
[2, 6, 12]
[4, 7, 13]
[6, 3, 14]
[9, 4, 14]
[3, 6, 13]
[2, 6, 13]
[5, 7, 14]
[4, 6, 14]
[8, 1, 15]
[4, 3, 15]
[9, 3, 15]
[7, 6, 15]
[3, 6, 14]
[2, 5, 16]
[7, 7, 15]
[5, 7, 15]
[4, 9, 15]
[3, 8, 15]
[8, 2, 16]
[9, 6, 16]
[0, 9, 15]
[2, 7, 17]
[0, 5, 17]
[2, 8, 17]
[7, 7, 16]
[8, 3, 17]
[9, 5, 17]
[1, 9, 16]
[0, 9, 16]
[2, 6, 18]
[3, 7, 18]
[2, 3, 18]
[0, 5, 18]
[6, 8, 17]
[8, 1, 21]
[9, 6, 18]
[1, 7, 19]
[2, 6, 19]
[1, 5, 19]
[5, 8, 18]
[1, 9, 20]
[1, 6, 20]
[2, 5, 20]
[3, 4, 20]
[4, 8, 19]
[7, 6, 19]
[0, 9, 21]
[1, 5, 21]
[6, 6, 20]
[6, 7, 20]
[2, 9, 22]
[0, 8, 22]
[7, 5, 21]
[8, 6, 21]
[8, 7, 21]
[4, 9, 23]
[1, 9, 23]
[0, 8, 23]
[7, 5, 22]
[5, 7, 24]
[5, 7, 25]
[2, 7, 26]
[4, 8, 26]
[5, 7, 27]
[3, 5, 27]
[1, 8, 27]
[6, 7, 27]
[5, 8, 28]
[5, 9, 28]
[3, 6, 28]
[2, 5, 28]
[4, 6, 28]
[2, 7, 28]
[6, 9, 28]
[3, 7, 29]
[1, 5, 29]
[4, 7, 29]
[4, 6, 29]
[9, 9, 29]
[4, 5, 30]
[5, 6, 30]
[7, 6, 30]
[6, 5, 30]
[2, 6, 31]
[2, 8, 31]
[5, 7, 31]
[7, 8, 31]
[7, 6, 31]
[4, 4, 32]
[2, 5, 32]
[5, 5, 32]
[0, 8, 32]
[4, 8, 32]
[6, 4, 32]
[5, 8, 34]
[3, 4, 33]
[2, 5, 33]
[3, 8, 33]
[4, 9, 33]
[7, 8, 35]
[3, 4, 34]
[0, 7, 34]
[4, 5, 34]
[6, 9, 34]
[5, 8, 38]
[1, 6, 35]
[2, 5, 35]
[0, 6, 35]
[3, 8, 35]
[4, 7, 35]
[4, 6, 35]
[4, 8, 39]
[1, 8, 36]
[1, 5, 36]
[0, 6, 36]
[3, 6, 36]
[3, 8, 40]
[7, 8, 40]
[6, 7, 40]
[0, 9, 37]
[1, 5, 37]
[2, 4, 37]
[5, 8, 41]
[7, 7, 41]
[3, 9, 38]
[0, 8, 38]
[1, 7, 38]
[2, 5, 38]
[2, 4, 38]
[5, 9, 42]
[7, 8, 42]
[1, 5, 39]
[2, 7, 39]
[4, 1, 39]
[2, 9, 43]
[6, 8, 43]
[3, 4, 40]
[1, 3, 40]
[3, 7, 40]
[2, 6, 40]
[4, 4, 40]
[2, 5, 41]
[2, 6, 41]
[2, 4, 41]
[1, 4, 41]
[1, 7, 41]
[1, 8, 41]
[3, 5, 42]
[2, 3, 42]
[2, 6, 42]
[5, 3, 42]
[2, 8, 42]
[3, 5, 43]
[1, 3, 43]
[4, 3, 43]
[5, 5, 43]
[3, 8, 43]
[0, 8, 43]
[3, 5, 44]
[2, 3, 44]
[6, 1, 44]
[3, 7, 44]
[5, 5, 44]
[4, 6, 44]
[1, 8, 44]
[1, 4, 45]
[1, 3, 45]
[6, 1, 45]
[3, 7, 45]
[1, 8, 46]
[3, 4, 46]
[1, 2, 46]
[2, 0, 46]
[6, 2, 46]
[0, 7, 46]
[6, 7, 46]
[5, 7, 46]
[0, 4, 47]
[1, 2, 47]
[2, 0, 47]
[5, 3, 47]
[0, 5, 47]
[2, 5, 47]
[5, 7, 47]
[1, 4, 48]
[0, 4, 48]
[1, 1, 48]
[0, 0, 48]
[4, 0, 48]
[7, 2, 48]
[6, 1, 48]
[1, 3, 48]
[0, 7, 48]
[2, 7, 48]
[4, 8, 48]
[5, 9, 48]
[1, 6, 49]
[1, 1, 49]
[0, 6, 49]
[0, 4, 49]
[2, 0, 49]
[0, 0, 49]
[6, 4, 49]
[7, 5, 49]
[7, 2, 49]
[6, 1, 49]
[3, 3, 49]
[2, 3, 49]
[2, 7, 49]
[3, 9, 52]
[1, 6, 50]
[1, 3, 50]
[1, 1, 50]
[0, 7, 50]
[2, 1, 50]
[1, 0, 50]
[8, 3, 50]
[9, 2, 50]
[7, 4, 50]
[7, 7, 50]
[6, 1, 50]
[3, 2, 50]
[4, 6, 53]
[1, 9, 53]
[0, 3, 54]
[0, 6, 51]
[0, 9, 51]
[2, 0, 51]
[8, 3, 51]
[5, 3, 51]
[4, 9, 54]
[3, 6, 54]
[3, 8, 54]
[2, 9, 54]
[0, 5, 52]
[8, 4, 52]
[6, 1, 52]
[3, 3, 52]
[5, 9, 55]
[4, 3, 55]
[3, 3, 55]
[4, 8, 55]
[0, 8, 53]
[8, 5, 53]
[5, 3, 53]
[5, 2, 53]
[3, 5, 56]
[4, 2, 56]
[1, 7, 56]
[0, 4, 56]
[4, 8, 56]
[8, 7, 54]
[5, 2, 54]
[8, 0, 54]
[5, 4, 57]
[4, 1, 57]
[3, 3, 57]
[2, 6, 57]
[3, 6, 57]
[1, 7, 57]
[1, 4, 57]
[4, 8, 57]
[9, 5, 55]
[6, 7, 55]
[4, 4, 58]
[2, 2, 58]
[4, 1, 58]
[4, 3, 58]
[1, 8, 58]
[4, 6, 58]
[9, 2, 56]
[7, 7, 56]
[4, 4, 59]
[1, 2, 59]
[6, 1, 59]
[2, 1, 59]
[5, 3, 59]
[1, 7, 59]
[2, 7, 59]
[6, 5, 57]
[9, 4, 57]
[4, 9, 57]
[1, 0, 60]
[2, 2, 60]
[8, 0, 60]
[3, 5, 58]
[9, 5, 58]
[8, 2, 58]
[9, 3, 61]
[4, 9, 58]
[0, 1, 61]
[5, 1, 61]
[5, 5, 59]
[2, 5, 59]
[6, 6, 59]
[7, 4, 62]
[1, 1, 62]
[0, 1, 62]
[4, 1, 62]
[4, 5, 60]
[7, 5, 60]
[9, 5, 60]
[9, 3, 63]
[5, 4, 63]
[2, 1, 63]
[6, 0, 63]
[2, 5, 61]
[5, 5, 61]
[7, 6, 61]
[8, 5, 61]
[9, 1, 64]
[9, 5, 64]
[7, 4, 64]
[5, 2, 64]
[4, 1, 64]
[5, 1, 64]
[6, 2, 64]
[0, 5, 62]
[8, 6, 62]
[9, 6, 62]
[7, 6, 62]
[9, 3, 68]
[5, 3, 65]
[4, 4, 65]
[8, 8, 63]
[7, 9, 63]
[5, 8, 63]
[4, 3, 66]
[4, 4, 66]
[8, 7, 64]
[6, 6, 64]
[4, 2, 67]
[6, 4, 67]
[8, 8, 65]
[4, 8, 65]
